9.810100000000000000e+04
9.810200000000000000e+04
9.810300000000000000e+04
9.810400000000000000e+04
9.810500000000000000e+04
9.810600000000000000e+04
9.810700000000000000e+04
9.810800000000000000e+04
9.810900000000000000e+04
9.811200000000000000e+04
9.811500000000000000e+04
9.811600000000000000e+04
9.811700000000000000e+04
9.811800000000000000e+04
9.811900000000000000e+04
9.812100000000000000e+04
9.812200000000000000e+04
9.812500000000000000e+04
9.812600000000000000e+04
9.813300000000000000e+04
9.813400000000000000e+04
9.813600000000000000e+04
9.814400000000000000e+04
9.814600000000000000e+04
9.814800000000000000e+04
9.815400000000000000e+04
9.815500000000000000e+04
9.816400000000000000e+04
9.816800000000000000e+04
9.817400000000000000e+04
9.817700000000000000e+04
9.817800000000000000e+04
9.818100000000000000e+04
9.818800000000000000e+04
9.819500000000000000e+04
9.819900000000000000e+04
